0,399
0,398
0,397
0,396
0,395
0,394
0,393
0,392
0,391
0,390
34,3
34,2
34,1
34,0
0,389
33,3
33,2
33,1
33,0
32,8
32,7
32,6
32,5
32,4
32,3
32,2
32,1
32,0
31,6
31,5
31,4
0,388
0,387
0,386
31,3
31,2
31,1
31,0
0,385
30,4
30,3
30,2
30,1
30,0
0,384
29,3
29,2
29,1
29,0
28,3
28,2
28,1
28,0
27,3
27,2
27,1
27,0
0,319
0,318
26,3
26,2
26,1
26,0
25,3
25,2
25,1
25,0
0,317
0,316
0,283
24,3
24,2
0,9
24,1
24,0
23,57
23,56
23,55
23,54
23,53
23,52
23,51
23,50
23,49
23,48
23,47
23,46
23,45
23,44
23,43
23,42
23,41
23,40
23,39
23,38
23,37
23,36
23,35
3,2
10,186
10,124
10,5
10,127
10,74
10,122
10,2
10,3
11,18
11,15
11,19
11,6
11,11
11,13
11,2
11,3
9,5
9,2
9,3
8,4
8,7
8,11
8,2
8,3
12,2
12,1
12,3
11,30
11,29
11,28
11,27
11,26
11,25
11,24
11,23
